-5.703516303655085107e-01
-5.729057755331968815e-01
-5.814001047249092169e-01
-5.906971175816865260e-01
-5.939882812241169541e-01
-5.880528661086121822e-01
-5.776809875289079521e-01
-5.714156403051471322e-01
-5.725935313396796067e-01
-5.771993057411729522e-01
-5.798556758955576429e-01
-5.790153237271349340e-01
-5.762832421020863682e-01
-5.735381203207172707e-01
-5.708315242714506743e-01
-5.660693010350474896e-01
-5.582225411602084186e-01
-5.505015791447385176e-01
-5.488431700976832417e-01
-5.547914161102431851e-01
-5.605698243661308977e-01
-5.616711191671409642e-01
-5.610864230814459619e-01
-5.619341690772418074e-01
-5.655899724962430986e-01
-5.713129637589836607e-01
-5.769942316611998967e-01
-5.813465288461751035e-01
-5.846539247665253347e-01
-5.873177419809032518e-01
-5.878788266461659751e-01
-5.836449463424397965e-01
-5.742780023432999537e-01
-5.637997778378596170e-01
-5.575192611529736775e-01
-5.570432367078315128e-01
-5.595532612114827442e-01
-5.616848788816367621e-01
-5.623673100578624462e-01
-5.617453548093023219e-01
-5.597176361999667282e-01
-5.573280385678758275e-01
-5.576785404947873781e-01
-5.622570157401999280e-01
-5.680573925477265806e-01
-5.701323523540026139e-01
-5.670862459960743784e-01
-5.624925939471063785e-01
-5.597932669038967468e-01
-5.585092520521465209e-01
-5.562966914296966214e-01
-5.524895715346076486e-01
-5.495024616046273458e-01
-5.505972179714011538e-01
-5.542509324689649519e-01
-5.549686954200860889e-01
-5.513695388513172313e-01
-5.486132418909392960e-01
-5.511009380638637323e-01
-5.558511123720449865e-01
-5.576481501755246040e-01
-5.569742692594539246e-01
-5.580022572357431487e-01
-5.614556298497012099e-01
-5.639266954178587810e-01
-5.632840895839092976e-01
-5.614179044425081644e-01
-5.614978781939964358e-01
-5.644348907216260036e-01
-5.691013539812654898e-01
-5.732972849336726018e-01
-5.737142615538542989e-01
-5.687949617047456385e-01
-5.616535083479208268e-01
-5.572582010415004783e-01
-5.549455630932348393e-01
-5.494071495161155783e-01
-5.438254853529569388e-01
-5.452395273039639667e-01
-5.532261421210976637e-01
-5.582738684196445478e-01
-5.550416975339469428e-01
-5.488489339055163674e-01
-5.459671915224265648e-01
-5.458913735865223993e-01
-5.434373351143712005e-01
-5.370089712517430725e-01
-5.323719327817739710e-01
-5.360396896774023423e-01
-5.451724028056068594e-01
-5.537185438571592400e-01
-5.595694255719216859e-01
-5.607008169949800891e-01
-5.553388126497060817e-01
-5.466166882272694982e-01
-5.410920086661398232e-01
-5.417326503999678744e-01
-5.456295204925702969e-01
-5.484190125806087668e-01
-5.483307565676737161e-01
-5.460187353835583846e-01
-5.425744673832475495e-01
-5.385824614204620664e-01
-5.343656742946155669e-01
-5.304713079707661372e-01
-5.280245972441148794e-01
-5.279626858713137860e-01
-5.294822385466034786e-01
-5.311580675096894133e-01
-5.324178743685406001e-01
-5.331099791967663926e-01
-5.328448440364430549e-01
-5.309854983689229480e-01
-5.277759678672423460e-01
-5.249777309446442830e-01
-5.239626326048530958e-01
-5.238855517709269938e-01
-5.236987970547036797e-01
-5.248626530336016893e-01
-5.293487458202164042e-01
-5.345503878151985910e-01
-5.355919849861613402e-01
-5.329976253273875919e-01
-5.308141407291658842e-01
-5.310847386576775797e-01
-5.319587962526708402e-01
-5.299648491517791049e-01
-5.240759703599002783e-01
-5.170009880251305034e-01
-5.123638834732880953e-01
-5.113038788294111958e-01
-5.122733439645108522e-01
-5.132236526987995484e-01
-5.125163049851449992e-01
-5.085688235200666041e-01
-5.026363967737186300e-01
-5.003809049609500015e-01
-5.025032858537102909e-01
-5.042148063707794226e-01
-5.031275245981126076e-01
-5.008111052982112676e-01
-4.993819819952433625e-01
-4.981989255609521883e-01
-4.958241192548228371e-01
-4.931816813620475415e-01
-4.916507772894203043e-01
-4.909172097569478033e-01
-4.897111788580581493e-01
-4.876305910789106579e-01
-4.860140522409870378e-01
-4.867025225661844035e-01
-4.898724847106514235e-01
-4.932246639493788609e-01
-4.934558623965751845e-01
-4.886327593988367135e-01
-4.800390907955598419e-01
-4.719778658723163267e-01
-4.688594916435632753e-01
-4.716252529966761253e-01
-4.772820081951332227e-01
-4.821107575218190888e-01
-4.841817046899030141e-01
-4.836379830368356947e-01
-4.812994189669665412e-01
-4.768814492492379764e-01
-4.698211444327591857e-01
-4.620754384269738502e-01
-4.578629686501793361e-01
-4.570993118380888842e-01
-4.558260022498045183e-01
-4.543044304061656380e-01
-4.550719346517650976e-01
-4.581739646305353353e-01
-4.607921578182597178e-01
-4.610194060379220193e-01
-4.603939631349405759e-01
-4.612782707627173240e-01
-4.628587582675701140e-01
-4.615936134618467968e-01
-4.553754854077353698e-01
-4.452042662717499155e-01
-4.342207100103829265e-01
-4.268396290963077933e-01
-4.230262350944756777e-01
-4.188871896212877366e-01
-4.164574031966178369e-01
-4.207292144955871449e-01
-4.299049469232746890e-01
-4.377980155063984635e-01
-4.404764753625231011e-01
-4.378232881516998520e-01
-4.324607294529335122e-01
-4.265782238906076773e-01
-4.213195165268625031e-01
-4.191929724760876663e-01
-4.227014500299023925e-01
-4.293696837499828556e-01
-4.339781161112668539e-01
-4.345425287330905162e-01
-4.325061497271445732e-01
-4.299520706413293980e-01
-4.279986757833195710e-01
-4.273330110468224752e-01
-4.283936251124192962e-01
-4.298059709620130620e-01
-4.282434283569617195e-01
-4.216735097794104825e-01
-4.119346423127819845e-01
-4.027530212559451428e-01
-3.961820600532826586e-01
-3.922777814484463832e-01
-3.910190098722761132e-01
-3.926365913353109804e-01
-3.964650520042430903e-01
-4.006552448473233441e-01
-4.028498532275414656e-01
-4.008951220472060095e-01
-3.943501089934381421e-01
-3.859259036828852074e-01
-3.797435038949086850e-01
-3.774364094815653159e-01
-3.770228250642102541e-01
-3.758076381546608391e-01
-3.734620987759490474e-01
-3.713981562864291930e-01
-3.691362031349431638e-01
-3.628545043187691443e-01
-3.517771852216965422e-01
-3.431162599563160054e-01
-3.426139202407613160e-01
-3.459087330710809427e-01
-3.450426493554593632e-01
-3.423713263416452435e-01
-3.416085359363373319e-01
-3.405661164131741914e-01
-3.358987683906762833e-01
-3.293641522182990666e-01
-3.261232915662695686e-01
-3.260986797397006365e-01
-3.266601700742407521e-01
-3.279308217027345762e-01
-3.297100394277289181e-01
-3.302803113089803899e-01
-3.299532207212738655e-01
-3.307473192496395709e-01
-3.319440179195408680e-01
-3.299302535991057161e-01
-3.235741172239353647e-01
-3.166850378834670798e-01
-3.139221400781948557e-01
-3.156301362286907941e-01
-3.174498254298330768e-01
-3.150358399152992650e-01
-3.074870285220652755e-01
-2.967200005320340117e-01
-2.857122583050589748e-01
-2.766161912467845485e-01
-2.699317894950499230e-01
-2.654323775397609553e-01
-2.629262298393401642e-01
-2.625587852543714851e-01
-2.651699297089496477e-01
-2.698056759111752689e-01
-2.719580359470981645e-01
-2.676465020998777256e-01
-2.564064453762914808e-01
-2.423242807087023221e-01
-2.320912823636623601e-01
-2.281876352078370807e-01
-2.283086678299021399e-01
-2.289504843525878575e-01
-2.264867465299302274e-01
-2.193003574992982430e-01
-2.092139728036998825e-01
-1.989167428778648716e-01
-1.885145161978724893e-01
-1.734733126462957853e-01
-1.464725235655099655e-01
-1.187653633143075510e-01
-1.170851802900177568e-01
-1.284433032938033237e-01
-1.357848819325381262e-01
-1.365667039173408537e-01
-1.330855108347463178e-01
-1.278951174430766891e-01
-1.217107351989027975e-01
-1.139432662295284532e-01
-1.054000841774114378e-01
-9.758227550548442819e-02
-8.889488812108412019e-02
-7.324910885361095303e-02
-5.263197557698724716e-02
-4.081976730997723818e-02
-3.654811754447585131e-02
-3.372827184932638417e-02
-2.917778594844869927e-02
-2.150165681276091506e-02
-1.163184444308046350e-02
-2.391718901129927331e-03
4.814553430918714835e-03
1.210071140529130063e-02
2.191842188913253192e-02
3.301776827728710589e-02
4.255764119628108882e-02
5.097946755939716107e-02
6.150275623117605617e-02
7.508683979281972898e-02
8.777843625926486093e-02
9.527276681922278168e-02
9.884941149650586234e-02
1.038988302252508850e-01
1.139064453279401423e-01
1.269302720833442588e-01
1.394603938212978511e-01
1.508283556817666682e-01
1.611804188775350644e-01
1.704319986108482066e-01
1.799991853707838541e-01
1.914839799831514477e-01
2.046177669756367723e-01
2.191658235344703387e-01
2.366852148116544152e-01
2.553477343868284510e-01
2.696891455855917052e-01
2.795049764072605747e-01
2.854946961377127224e-01
2.877592191398250510e-01
2.887525031190146807e-01
2.912953336015172701e-01
2.964129488234520937e-01
3.049407998809760545e-01
3.183659932496151201e-01
3.368322643461094668e-01
3.568641765532674093e-01
3.729059184052300746e-01
3.827658625485058086e-01
3.893498492226280527e-01
3.960018561716114882e-01
4.035113415078337984e-01
4.115942412855019272e-01
4.214679891978557191e-01
4.356890432781470590e-01
4.541584863045572407e-01
4.727288436938443250e-01
4.885239973645746914e-01
5.032150844668338285e-01
5.191318287843367241e-01
5.364603168721436832e-01
5.539163870298975390e-01
5.684186855627234580e-01
5.783396599871569732e-01
5.861316820436573982e-01
5.953315710672314465e-01
6.076661491998200937e-01
6.224042278563873820e-01
6.383485797120462824e-01
6.552143184688032918e-01
6.731118742792826515e-01
6.908595270315188719e-01
7.053728685796072373e-01
7.165392366720939599e-01
7.290950275465883923e-01
7.465871637222736279e-01
7.693485803614235063e-01
7.953018983269580788e-01
8.184364279073150783e-01
8.339515119143685595e-01
8.446466721960297352e-01
8.544928125702274668e-01
8.658221238772777495e-01
8.803083278027531433e-01
8.979000860735718570e-01
9.161958953068132239e-01
9.331303592117460299e-01
9.497691287611943478e-01
9.683359617839083500e-01
9.883710459209820165e-01
1.007702196574518982e+00
1.026677151246399466e+00
1.047747694282654463e+00
1.070578658422180585e+00
1.091877345454601800e+00
1.110952862052702050e+00
1.131859639522192928e+00
1.156193863484038298e+00
1.180077086003410880e+00
1.200826441765969310e+00
1.216943487583710848e+00
1.227710192506806131e+00
1.235854298783960692e+00
1.246173174194499023e+00
1.262080872637797446e+00
1.284868956984017263e+00
1.312521019637793440e+00
1.338881636900294270e+00
1.358447510367600586e+00
1.372002224207801602e+00
1.384440418717639787e+00
1.398710578972183205e+00
1.414812704971431856e+00
1.433062110044794002e+00
1.454676815279937863e+00
1.478647912005866649e+00
1.501248735008168245e+00
1.520373357780520518e+00
1.537764697072214748e+00
1.556017391554378460e+00
1.575277584960909749e+00
1.595451764098735792e+00
1.620147000676553928e+00
1.654800217527823358e+00
1.689896094820676042e+00
1.699807083539819130e+00
1.690299517314411970e+00
1.680119266989082982e+00
1.676970362934890435e+00
1.681910819997083140e+00
1.693118540657361004e+00
1.707231514162743657e+00
1.721049380707070586e+00
1.732670392087489075e+00
1.741785343876651071e+00
1.750224087199318213e+00
1.761822542633668665e+00
1.778952373925637875e+00
1.797567138333746151e+00
1.809709051093671084e+00
1.812903301997771166e+00
1.811112688820857075e+00
1.808106404133989820e+00
1.807692643498306051e+00
1.814938976130402448e+00
1.827470683833313903e+00
1.838220236839086752e+00
1.843250917685551382e+00
1.844005837005512793e+00
1.847323440739671918e+00
1.858220077310429375e+00
1.871975210129754874e+00
1.878208639808738090e+00
1.874322203309678025e+00
1.869680377575113850e+00
1.872725430294285287e+00
1.880941668607303052e+00
1.888255669077603338e+00
1.894865971022138051e+00
1.904380116065148343e+00
1.915786376042378336e+00
1.923225374047138336e+00
1.922797515945162239e+00
1.917498513323597775e+00
1.914271368331482037e+00
1.916495713554660751e+00
1.922517211323713893e+00
1.931505050958472136e+00
1.945009718793335063e+00
1.961634860792033974e+00
1.978241206169009558e+00
1.994767665903661280e+00
2.012263326445919542e+00
2.022323513349991497e+00
2.016650222998361830e+00
2.005219292455119984e+00
1.998260078219846969e+00
1.998883421187745313e+00
2.005317034888081107e+00
2.012908050571028173e+00
2.016478233909594131e+00
2.012503453288434496e+00
2.001643940045580550e+00
1.990127954789040921e+00
1.985171285640611627e+00
1.987226696226052525e+00
1.989552308248765389e+00
1.986559886070419001e+00
1.979154487026989484e+00
1.970631628822110848e+00
1.961920569442227924e+00
1.952955050795765812e+00
1.944641539965330290e+00
1.937619357047283941e+00
1.931490013661093519e+00
1.925614659625938918e+00
1.919441849052013538e+00
1.913150384803459891e+00
1.907420939544432148e+00
1.900427891390056967e+00
1.887715031245287500e+00
1.868545766496342297e+00
1.848856305241205478e+00
1.834985338240510133e+00
1.827853899958697292e+00
1.822776932431239061e+00
1.810839667890326465e+00
1.787838006929775903e+00
1.760339489179701955e+00
1.733894287119446265e+00
1.709507315137889893e+00
1.687776070848061583e+00
1.669520791830410911e+00
1.654538239612555195e+00
1.641043909919640109e+00
1.625770949896159667e+00
1.606101695009375385e+00
1.583315960240871068e+00
1.561426824328567164e+00
1.542197645347879176e+00
1.524486293571345907e+00
1.508162602393534168e+00
1.494089101793770524e+00
1.480447218620327687e+00
1.462874022013460840e+00
1.440802558870440953e+00
1.421637288403612143e+00
1.405886659230588753e+00
1.389375001835544188e+00
1.372022195618382678e+00
1.353437623283917368e+00
1.331114285409805698e+00
1.305099173550355873e+00
1.279987356843595325e+00
1.259490580685443506e+00
1.242595942122787012e+00
1.226180147498530992e+00
1.208308906958464268e+00
1.188796251426412098e+00
1.168651559488914415e+00
1.149237116305366291e+00
1.131287164911833232e+00
1.114928582504947530e+00
1.100500413149042789e+00
1.088021570944728067e+00
1.075147412289795490e+00
1.057885534730220511e+00
1.035774363723810376e+00
1.013359627276569253e+00
9.944094606495861299e-01
9.778546885034635761e-01
9.607017138709976756e-01
9.431309843207319465e-01
9.280786496447284151e-01
9.158870433161225844e-01
9.032037878505672079e-01
8.877633029359779382e-01
8.706661307742530331e-01
8.534432562047536974e-01
8.366417783985131695e-01
8.218888974023387251e-01
8.112444879993304658e-01
8.038665790151711121e-01
7.964385065467877167e-01
7.869678286915126053e-01
7.758704207049732515e-01
7.640016463544647696e-01
7.518002892783398616e-01
7.396082130341909977e-01
7.271731904542686475e-01
7.134595276816201315e-01
6.985531017817435684e-01
6.849658462901840883e-01
6.747881805003420608e-01
6.662076401625500743e-01
6.554892190615063674e-01
6.419851386210723154e-01
6.289850426005938466e-01
6.201258423457541857e-01
6.159538146753862353e-01
6.132664851633858882e-01
6.076452379581529506e-01
5.970387742352485372e-01
5.829908840325828123e-01
5.690817363940121609e-01
5.583770603226035911e-01
5.512358712932718952e-01
5.454825778204328568e-01
5.399279411434317888e-01
5.358336844954438849e-01
5.327979126082481587e-01
5.270882038020300309e-01
5.166136688678458766e-01
5.045000685193916645e-01
4.955659167354303785e-01
4.910678851570492442e-01
4.884873439522142702e-01
4.853272794038734350e-01
4.818659989924169995e-01
4.802654666526796068e-01
4.816691043798655980e-01
4.845438127146698970e-01
4.860148833222882048e-01
4.843752305135892167e-01
4.799300644338048150e-01
4.741688998756191653e-01
4.687547679459996286e-01
4.647196031775542302e-01
4.620171188892895353e-01
4.599874361798324540e-01
4.584830015686553462e-01
4.583522475687927811e-01
4.603683027275004558e-01
4.635465765031357432e-01
4.654507917625899105e-01
4.650783836946973948e-01
4.641513578070823320e-01
4.645006225344780471e-01
4.658604406372716666e-01
4.672367057840731142e-01
4.687074239550341193e-01
4.710503053739553136e-01
4.746163769515190367e-01
4.785294811576488172e-01
4.809219386663651785e-01
4.810368330166487350e-01
4.806445710170610397e-01
4.821897708016005257e-01
4.867112981571357633e-01
4.944215549091398598e-01
5.051269358538630350e-01
5.169392028603159162e-01
5.265193710371292024e-01
5.319706262946523045e-01
5.348381684174245976e-01
5.386173466937760335e-01
5.454056291502531462e-01
5.550544049963563875e-01
5.669070847395143442e-01
5.787807932032251745e-01
5.859246842469296723e-01
5.879612982106472430e-01
5.879724587047954198e-01
5.894948675854954079e-01
5.951501836676018620e-01
6.041413127111617820e-01
6.131028370755076118e-01
6.201633181103149983e-01
6.264744013327924188e-01
6.337766539145155420e-01
6.422909361607329615e-01
6.519242047939145523e-01
6.634545224745181935e-01
6.766111003708430438e-01
6.894319236116357441e-01
7.015731314982459610e-01
7.156231363208555019e-01
7.316725143003932619e-01
7.443682225278404063e-01
7.531759670307125454e-01
7.623422570929563324e-01
7.723583894148638995e-01
7.803724465654705567e-01
7.852081124615561958e-01
7.891750219973688862e-01
7.957606533758919687e-01
8.066651610319961474e-01
8.206261168591915123e-01
8.350690885547034092e-01
8.487080347560018723e-01
8.614005710535331817e-01
8.725235894371705658e-01
8.823880565175484803e-01
8.932601400011799253e-01
9.061050464135556037e-01
9.189989415212975743e-01
9.302596451590579019e-01
9.412530843316904150e-01
9.538146316715875317e-01
9.667510541359783938e-01
9.775639282611816583e-01
9.864129078529592087e-01
9.976228606120667308e-01
1.019884522071148991e+00
1.054598592985247496e+00
1.077265086684694673e+00
1.080620871056729326e+00
1.081989030160412479e+00
1.095551027691531454e+00
1.119108716218433663e+00
1.132829780160885758e+00
1.132262474621499981e+00
1.129640815806645326e+00
1.130799275099228396e+00
1.135068105371471292e+00
1.142251234363023116e+00
1.152587026733112197e+00
1.164086564945643998e+00
1.173420614856768074e+00
1.179197521585646946e+00
1.184432380735580770e+00
1.192603977072005605e+00
1.200399640973965010e+00
1.203704556988460794e+00
1.202525303933096534e+00
1.200962364836805740e+00
1.204651906723314125e+00
1.215037627619855787e+00
1.227643816936345944e+00
1.237906067523942610e+00
1.245749897769067749e+00
1.252258932914068534e+00
1.255773431260779116e+00
1.255596743016580197e+00
1.255313736380758938e+00
1.257675649379174976e+00
1.261672868467516473e+00
1.264557210070954119e+00
1.263692213035025880e+00
1.258361726072074749e+00
1.251336136266341104e+00
1.247251160450329133e+00
1.248437344759953938e+00
1.252797926041983700e+00
1.255389040346537977e+00
1.251661435301039793e+00
1.242948613737870023e+00
1.236363569753775815e+00
1.233408623339990351e+00
1.230521462243294506e+00
1.226552555566423619e+00
1.223544391217384009e+00
1.222857962087827044e+00
1.223336453589570327e+00
1.222072733215336937e+00
1.217015854577345513e+00
1.210744479218258451e+00
1.204904486327720736e+00
1.198345875092925006e+00
1.190987232646032012e+00
1.186537014974159421e+00
1.186773969886758540e+00
1.186647562605669393e+00
1.179413565256578922e+00
1.164466139225568631e+00
1.146567056189574219e+00
1.128556368212097816e+00
1.112655131107516793e+00
1.100250183122351677e+00
1.089910044033489012e+00
1.079392041911569677e+00
1.068549093191609289e+00
1.058376244036083769e+00
1.049358682243225482e+00
1.041933429268100619e+00
1.036801481622101839e+00
1.034049891159585011e+00
1.031972277064733712e+00
1.026798389456514693e+00
1.016174891295173577e+00
1.001817679186274290e+00
9.865678625032905380e-01
9.728565493083574101e-01
9.626168546668285586e-01
9.556426031341765936e-01
9.488717075527934863e-01
9.397122312659244026e-01
9.286354995632806197e-01
9.174309508329185903e-01
9.067121772952175807e-01
8.958910796480104022e-01
8.851667846026781694e-01
8.764927310718129139e-01
8.714148237132685049e-01
8.681867388900664784e-01
8.623137344326273768e-01
8.500218011355734626e-01
8.329831334589622438e-01
8.170534664640246580e-01
8.056320517105303169e-01
7.979174482397526358e-01
7.905115792807798636e-01
7.809961419700262031e-01
7.704203402363078990e-01
7.605499992116414587e-01
7.526017302370663353e-01
7.471798447009858624e-01
7.434816093769303080e-01
7.397383796396247435e-01
7.351132359068398570e-01
7.301522200396370899e-01
7.245477723150693938e-01
7.168308192665763245e-01
7.066154427544019123e-01
6.950564602256702473e-01
6.823843652542630478e-01
6.696760867860384048e-01
6.588549891388313373e-01
6.495921314324841767e-01
6.414379219711533464e-01
6.365436341110682905e-01
6.367939816166452438e-01
6.404440505975348419e-01
6.427015248665008951e-01
6.386368728977271925e-01
6.273758168233094512e-01
6.132852817851091043e-01
6.011080078805672855e-01
5.913836931109136552e-01
5.815536473440664489e-01
5.700732581899152773e-01
5.580695005996564317e-01
5.466427992963023286e-01
5.350657250191620529e-01
5.232425324763324559e-01
5.131467494698724874e-01
5.065073127616664950e-01
5.021242930124546477e-01
4.963668877786137079e-01
4.872517010316800845e-01
4.759805417730861299e-01
4.641300941287578308e-01
4.530513652850560180e-01
4.435326385655007364e-01
4.346700314229736684e-01
4.253002679305754041e-01
4.161552415466561183e-01
4.084207841441832576e-01
4.023035410832271896e-01
3.979287448560193119e-01
3.950465178725257043e-01
3.919592902333625672e-01
3.861200022161395129e-01
3.781126413620218285e-01
3.727632990379046718e-01
3.691422473418003447e-01
3.598588895698862644e-01
3.399042197301224699e-01
3.171563131628362120e-01
2.993785270763998918e-01
2.864481547746262069e-01
2.771012996649531157e-01
2.703167177933777365e-01
2.647154419987257645e-01
2.596417638800690986e-01
2.554770199006188847e-01
2.520667253255868268e-01
2.475148884175228103e-01
2.393716632320114779e-01
2.277232792712084453e-01
2.162396007082556804e-01
2.088668020556273264e-01
2.056235037167180590e-01
2.029382300852187182e-01
1.982451248170156444e-01
1.927622677392203387e-01
1.889750421591936125e-01
1.854997230208876025e-01
1.799040862127526119e-01
1.732460878405949201e-01
1.674446867640329017e-01
1.622611658871808415e-01
1.563239004792252029e-01
1.505638519704543821e-01
1.467305159277627613e-01
1.432926138145746431e-01
1.391881365035246843e-01
1.346865218191275471e-01
1.290578147046481383e-01
1.209829034912123652e-01
1.113630274510086782e-01
1.033471493776725869e-01
9.884847166541969876e-02
9.691982079772529235e-02
9.617494592249739571e-02
9.668862235052892717e-02
9.831676222842238022e-02
9.864347100975015548e-02
9.450081306082479260e-02
8.641104076833905356e-02
7.830540882627429200e-02
7.237296005263525733e-02
6.781548415805423169e-02
6.312478720700943902e-02
5.836436653725986246e-02
5.520765013716346509e-02
5.473885064349625490e-02
5.502685013196265129e-02
5.156621585437795585e-02
4.329764069774950930e-02
3.437858495060976821e-02
2.774032303126152538e-02
2.289989924030223084e-02
1.861949729781093785e-02
1.548439701269631492e-02
1.475878867473478205e-02
1.521260961046624893e-02
1.361865608833201513e-02
9.055423728348230630e-03
4.525966548023465340e-03
3.358637599564826860e-03
5.520542794956573469e-03
8.374809803636799888e-03
9.763351494001303379e-03
9.127731982539976502e-03
6.876072918419563057e-03
4.252123265292414786e-03
3.001443047379601884e-03
3.916897264746274296e-03
6.059300965100116246e-03
7.959286984666519640e-03
9.493267535614908006e-03
1.167109112002855803e-02
1.451725208559062098e-02
1.676004149383536132e-02
1.817413484185494837e-02
2.049739728685248674e-02
2.548419976948183147e-02
3.306364378218049072e-02
4.017898745664275767e-02
4.243869382443845456e-02
3.954142954356621581e-02
3.494935611712577522e-02
3.211188858911073057e-02
3.280665871955750629e-02
3.769489641702539889e-02
4.754767434826912692e-02
6.041977712270064221e-02
7.104057326966906061e-02
7.820760765387034519e-02
8.391120755802844444e-02
8.830092360372919502e-02
9.003391338717281478e-02
9.011896810047066719e-02
9.069755161289040635e-02
9.284988227909185543e-02
9.653836685562845743e-02
1.014325959762706342e-01
1.077487895302790405e-01
1.157393509037315804e-01
1.245495624632049492e-01
1.325067598330986751e-01
1.389055997832466249e-01
1.446418588176489051e-01
1.502897149905088880e-01
1.545713504613007716e-01
1.562390219842560157e-01
1.565972738464131708e-01
1.583986363413752430e-01
1.629178141191950646e-01
1.687992770564097078e-01
1.728258658661938341e-01
1.739931360752095812e-01
1.746987730025901242e-01
1.765584637643372590e-01
1.796351770432239314e-01
1.834965318001718082e-01
1.876744921542712330e-01
1.916974978580393285e-01
1.952537599486412201e-01
1.983307669247423299e-01
2.012960514804756906e-01
2.052599065652583599e-01
2.117781050633491535e-01
2.212661110542754328e-01
2.318037908895612398e-01
2.400921612384420145e-01
2.445965954160976563e-01
2.475216434534546206e-01
2.520930993354423277e-01
2.583038555894717203e-01
2.638770539304245433e-01
2.678310995282453533e-01
2.702105756200841036e-01
2.711234453019638058e-01
2.715925972322882909e-01
2.722685707410117950e-01
2.726116678269046023e-01
2.718287297926870183e-01
2.698528524129129025e-01
2.676483611214293123e-01
2.660277398922251679e-01
2.649402378466476082e-01
2.642978045598116110e-01
2.645722352369714869e-01
2.658379527522629626e-01
2.671219382342917004e-01
2.674613934747255839e-01
2.665988634953985192e-01
2.640495129347356085e-01
2.590874397575609889e-01
2.523008607449274687e-01
2.461301060515029560e-01
2.432545166250553725e-01
2.444969733209642615e-01
2.480627512013135749e-01
2.505514239174759794e-01
2.487390771466943540e-01
2.416724284703839765e-01
2.325739824646726739e-01
2.255836363246702114e-01
2.214642391951273936e-01
2.193680634363242565e-01
2.182853780250632592e-01
2.165949743377114378e-01
2.128973264080847583e-01
2.073765823896284444e-01
2.013831620742745354e-01
1.960800476917080870e-01
1.916893918149211729e-01
1.874915187896836755e-01
1.827974149509515311e-01
1.782300708299657810e-01
1.751432543669028397e-01
1.736955620575528769e-01
1.726053579976025987e-01
1.705448370806307845e-01
1.669380003297046833e-01
1.622784940228319817e-01
1.583478267232794889e-01
1.566237653351544301e-01
1.558972759055496093e-01
1.533767076719005085e-01
1.484314339753910195e-01
1.428648731914842207e-01
1.377210601780226029e-01
1.328735876539170746e-01
1.291838108096370064e-01
1.280481424208935182e-01
1.283120587377769573e-01
1.250842676117894237e-01
1.177360807857300018e-01
1.100903199420138895e-01
1.033425677011275412e-01
9.799299041923886788e-02
9.441569960808406103e-02
9.167045300539886088e-02
8.840383510766415542e-02
8.434775909755164169e-02
8.024175456098667225e-02
7.694259501189353034e-02
7.427235867777280676e-02
7.084221017104555540e-02
6.623803641937074660e-02
6.265440174838432519e-02
6.249974079526746107e-02
6.530813229905430006e-02
6.875402297647480176e-02
7.127106684355079269e-02
7.247205349278268427e-02
7.220191079495340281e-02
7.044706993875646250e-02
6.778611443661160252e-02
6.537744484165890213e-02
6.440436723082179626e-02
6.533356647782362359e-02
6.776338227221501143e-02
7.059438846151266933e-02
7.213077732961935273e-02
7.083950815667283685e-02
6.698766918947235416e-02
6.324490936770978122e-02
6.268935171690105668e-02
6.607491698647839640e-02
7.144652155944904159e-02
7.591283383867215850e-02
7.788295475304354842e-02
7.815538828914535274e-02
7.809271330358678875e-02
7.773399152588655880e-02
7.677665608574268941e-02
7.609298771000122530e-02
7.681054874428748513e-02
7.843739635443745806e-02
7.984726046256930554e-02
8.177597006970660498e-02
8.650032472152463514e-02
9.509414017340872549e-02
1.034192814135356797e-01
1.031729281900749251e-01
9.621118815875759345e-02
8.947923682800737466e-02
8.477579341785648759e-02
8.204458554202086196e-02
8.141243165768977108e-02
8.207448391844945901e-02
8.202825597689876458e-02
8.000450595117312991e-02
7.669318733740275451e-02
7.378182559023806208e-02
7.217671157395562365e-02
7.190222215735284084e-02
7.309762855951063010e-02
7.589315612530560251e-02
7.964866240617426985e-02
8.326413385520449462e-02
8.610424465814937867e-02
8.804740416823643445e-02
8.914506813743316993e-02
9.015262580124391856e-02
9.267013958386298433e-02
9.730268448645136570e-02
1.023754227740218403e-01
1.059750345734730426e-01
1.085647391313980942e-01
1.122188023944039326e-01
1.176224787031899116e-01
1.231184934161915212e-01
1.267660366010371076e-01
1.285101281391860251e-01
1.303143101274066018e-01
1.342530834700772502e-01
1.401555751278448225e-01
1.456229837321612874e-01
1.489943927960032943e-01
1.512872869490291539e-01
1.543406219296475090e-01
1.585324447922678293e-01
1.631985886561865828e-01
1.676047517458952030e-01
1.708468752959467485e-01
1.724183316114559494e-01
1.730497806224724211e-01
1.738363605021488456e-01
1.746852041912836384e-01
1.747951056889219534e-01
1.747397143942811537e-01
1.763330217825436474e-01
1.801166642565543430e-01
1.842710113546138784e-01
1.863408718430044353e-01
1.856406389443693294e-01
1.839740834708289419e-01
1.837606243353839264e-01
1.851553924066942636e-01
1.854264161961668156e-01
1.831668860466997839e-01
1.808760477741749029e-01
1.807981592729090703e-01
1.825754385962881643e-01
1.841922417617047614e-01
1.838614799588179083e-01
1.813292813154775140e-01
1.776890805609926127e-01
1.745333627314252511e-01
1.729340051805455802e-01
1.729302458562009259e-01
1.739487290563883348e-01
1.748395714471860929e-01
1.742035994990674408e-01
1.720081540817882115e-01
1.690026330076784544e-01
1.649967204817899546e-01
1.594187642459634346e-01
1.533126229397126783e-01
1.493575200319199325e-01
1.488104208608866941e-01
1.498108710521083298e-01
1.500546397400821241e-01
1.495836668870281494e-01
1.494459228934622297e-01
1.493159912458000560e-01
1.480933884815864021e-01
1.458911292889324696e-01
1.442581727767224264e-01
1.445315461439103943e-01
1.463110575661191459e-01
1.472757354366236726e-01
1.449111204238349160e-01
1.394862979156102356e-01
1.329439575064935986e-01
1.262320950652101315e-01
1.198709070979516456e-01
1.147478291078285056e-01
1.117269770391257078e-01
1.110927672742936245e-01
1.122969845928842025e-01
1.140659816548164895e-01
1.148730616000598614e-01
1.136046420703957088e-01
1.102676543200844655e-01
1.061628833118200832e-01
1.030646713968374067e-01
1.020186393979368167e-01
1.026140223910217419e-01
1.031333378055702688e-01
1.018232132714575744e-01
9.851618263701782119e-02
9.472079227443006011e-02
9.188532188747311480e-02
9.001077004667602799e-02
8.831801678160880464e-02
8.666003726672963370e-02
8.546774405504477257e-02
8.457925124196243039e-02
8.314577387779070738e-02
8.086133820454032006e-02
7.839757101216125734e-02
7.645587998814631914e-02
7.491808137341039731e-02
7.287101178885932451e-02
6.952815009425955539e-02
6.556458870669132355e-02
6.308278850534648763e-02
6.311873704439226185e-02
6.410285767049178629e-02
6.357878436106956244e-02
6.099612853629074460e-02
5.783089491697598894e-02
5.454565661584665631e-02
4.981061138542351024e-02
4.294655504762435322e-02
3.552958433394630411e-02
2.979444134895883195e-02
2.651143514665914303e-02
2.503948344739757859e-02
2.425554684265099001e-02
2.313955616727406128e-02
2.156434052742022683e-02
2.037850865445273163e-02
1.980691513573633322e-02
1.840028169696317217e-02
1.474557230008560066e-02
9.289911584346161391e-03
3.492915966000516206e-03
-1.541876641466082909e-03
-5.285047639328847857e-03
-7.796628738216506913e-03
-9.829777074803779102e-03
-1.238194712872514765e-02
-1.596240986979576004e-02
-2.012069251052861149e-02
-2.339988064904076001e-02
-2.425183752864847400e-02
-2.272660915468998830e-02
-2.127574491542423216e-02
-2.335300657361832899e-02
-2.983513905377756584e-02
-3.782340958895758637e-02
-4.392173854930458282e-02
-4.687850588581957134e-02
-4.790809084071229185e-02
-4.893039210468724115e-02
-4.986434924656276552e-02
-4.948589101605307961e-02
-4.818081807402852662e-02
-4.730131239570762453e-02
-4.719628627182879260e-02
-4.762508420489114380e-02
-4.888510399422271030e-02
-5.103743466042415938e-02
-5.310647279661432490e-02
-5.407285411096250660e-02
-5.380993636460811719e-02
-5.272413776287421250e-02
-5.119644233231454566e-02
-4.967068530337008514e-02
-4.897885214506757234e-02
-5.004796874502207005e-02
-5.287063393343002793e-02
-5.588702180447355922e-02
-5.693587329663264002e-02
-5.505809078647685983e-02
-5.143339724491365061e-02
-4.828384705684925920e-02
-4.657511666331724115e-02
-4.556979109833612929e-02
-4.478280004255950908e-02
-4.475149191950166666e-02
-4.572421709368146292e-02
-4.715687210565278759e-02
-4.807050540029001590e-02
-4.704843909408661096e-02
-4.350627446977718693e-02
-3.956004121786010214e-02
-3.812227587435775694e-02
-3.876682378113763955e-02
-3.845468238164539976e-02
-3.610011181359002591e-02
-3.334734656221551713e-02
-3.131131999292686985e-02
-2.948452331919549155e-02
-2.776451495262950361e-02
-2.679231843343567870e-02
-2.595968683053721110e-02
-2.354126648806556532e-02
-1.943508573317193414e-02
-1.573626301468753624e-02
-1.412333665250136566e-02
-1.421579253560275452e-02
-1.446426037900737718e-02
-1.338645034150586464e-02
-1.028471405995006437e-02
-5.738574877845887753e-03
-1.234786834061978858e-03
2.062081876758631738e-03
4.266808126013727637e-03
6.573271090346082500e-03
9.741147984590676698e-03
1.278578952766201010e-02
1.404563309866492180e-02
1.362094692660454145e-02
1.312125048597969149e-02
1.357712730221214206e-02
1.493148263681742631e-02
1.634504732985104722e-02
1.659498365932779787e-02
1.527916139925524115e-02
1.325922943731715035e-02
1.153851619743654147e-02
1.043562441782302716e-02
9.730809842642872132e-03
8.935360307090772780e-03
7.623238631919985152e-03
5.573114596338875522e-03
2.438836663424646164e-03
-1.993817915025221550e-03
-6.904317861346624327e-03
-1.074523129217045021e-02
-1.261960691463888222e-02
-1.282084824596376078e-02
-1.257085317704412231e-02
-1.338668529927740554e-02
-1.566982870478431447e-02
-1.813177497443393613e-02
-1.955415058390034405e-02
-2.016697919152218854e-02
-2.047712344995632899e-02
-2.035588523984116494e-02
-2.022683468382226180e-02
-2.149284589632812631e-02
-2.469085612477285585e-02
-2.836923751713318551e-02
-3.061320171423563205e-02
-3.092616546592825977e-02
-3.022011736244751764e-02
-2.969081624260850108e-02
-3.000125419825706505e-02
-3.095882459617246146e-02
-3.185342631131486690e-02
-3.235588350575532846e-02
-3.270385596540756334e-02
-3.297523219153743884e-02
-3.302633550684760944e-02
-3.312448911590886585e-02
-3.365972291947929435e-02
-3.440471527359296317e-02
-3.483568656604206504e-02
-3.474910462722920201e-02
-3.406479011761599784e-02
-3.258238279752086186e-02
-3.033219221947257987e-02
-2.791471170808709767e-02
-2.632052322818132298e-02
-2.620674492731258839e-02
-2.702398679617511526e-02
-2.700889075935360498e-02
-2.463340894963107763e-02
-2.032434215901178509e-02
-1.656636882154193663e-02
-1.587165743053804354e-02
-1.840080162284839574e-02
-2.204294077894852419e-02
-2.464539179597967020e-02
-2.524565016282407162e-02
-2.388612575724488596e-02
-2.153883888010727984e-02
-1.977465845249158291e-02
-1.947473485711948005e-02
-1.999052590509488997e-02
-2.009296749348677205e-02
-1.967556501234416291e-02
-2.003892720603233854e-02
-2.231772389276573745e-02
-2.611857702354182173e-02
-2.984189408970937263e-02
-3.195463437140615842e-02
-3.218136862094323619e-02
-3.188426451882962753e-02
-3.273892341281006008e-02
-3.480819650677176302e-02
-3.681978746782015033e-02
-3.822471746274963555e-02
-3.969431958429579105e-02
-4.165786168106403592e-02
-4.361459000245759138e-02
-4.498157431728320305e-02
-4.579118005857064910e-02
-4.654051913145782621e-02
-4.771154866481823464e-02
-4.930826294076807309e-02
-5.062790326462817542e-02
-5.069944790606241425e-02
-4.927677859938157934e-02
-4.719511148297109160e-02
-4.539932923508312873e-02
-4.396643926534025970e-02
-4.269443662966009717e-02
-4.217459256012560942e-02
-4.326332813400377703e-02
-4.568480292750545790e-02
-4.804107693940450757e-02
-4.912517209729474338e-02
-4.866277520290202691e-02
-4.708685468973356630e-02
-4.523955795043523714e-02
-4.401343081964845944e-02
-4.364713165381602089e-02
-4.350304380041849356e-02
-4.301538894558512571e-02
-4.260368419040238414e-02
-4.319454424638514284e-02
-4.495813727957198580e-02
-4.673183349693509764e-02
-4.691157619216396873e-02
-4.530734326752482166e-02
-4.366539962055333846e-02
-4.358381053438571684e-02
-4.490444942877486884e-02
-4.701478139331335959e-02
-4.978199654763764553e-02
-5.202801662524107057e-02
-5.163017437857925218e-02
-4.854194816888705855e-02
-4.540673040488666518e-02
-4.430800912571800781e-02
-4.476923123125301635e-02
-4.493769595344791756e-02
-4.353200234576092703e-02
-4.116750481185794258e-02
-3.995265565410513475e-02
-4.076596198029434903e-02
-4.169228299459479259e-02
-4.044835781261378604e-02
-3.717198916736012826e-02
-3.361972135887443536e-02
-3.103859275961063507e-02
-2.982503586960130390e-02
-2.987243860000970280e-02
-3.044832009805672687e-02
-3.057496233691733151e-02
-2.984723937901193058e-02
-2.838368742008295920e-02
-2.627529385715967822e-02
-2.368705778530676154e-02
-2.116208409344126629e-02
-1.936113277457940027e-02
-1.873473535565105957e-02
-1.935161698483198883e-02
-2.056405782542650162e-02
-2.122628630451484782e-02
-2.077739948198574146e-02
-1.960472524422454677e-02
-1.816602006963603799e-02
-1.657112671641564061e-02
-1.508396150144679891e-02
-1.417655458775540604e-02
-1.404016160137584734e-02
-1.445098526491530970e-02
-1.484735902550499836e-02
-1.444399527121196375e-02
-1.286684122974291432e-02
-1.081107820764481975e-02
-9.634820863867622071e-03
-1.018491574648801995e-02
-1.209664965463147328e-02
-1.421908194440432878e-02
-1.564838880813119656e-02
-1.624829473831828838e-02
-1.632171904192485437e-02
-1.625587212645048657e-02
-1.649635140562271188e-02
-1.734037846044091807e-02
-1.856251130911149710e-02
-1.960772095581169230e-02
-2.027353254091603801e-02
-2.087191124558811575e-02
-2.152532880824367320e-02
-2.170013739027018551e-02
-2.102886303697751313e-02
-2.031265300987761951e-02
-2.082521338849433953e-02
-2.261335950880721812e-02
-2.435698113141307811e-02
-2.516834905598707914e-02
-2.577800573369312329e-02
-2.744785061603510420e-02
-3.023650566701250111e-02
-3.308395890031803899e-02
-3.515981081188289392e-02
-3.596548101049702739e-02
-3.465406420864085985e-02
-3.106038509292106606e-02
-2.722381838087074846e-02
-2.581037116672289800e-02
-2.690580303708998630e-02
-2.799412743486795821e-02
-2.713277224439860497e-02
-2.492651876962849108e-02
-2.299733924694812026e-02
-2.156568280550584180e-02
-1.977389483973407414e-02
-1.793035742478040276e-02
-1.760917015108383679e-02
-1.908229663920310223e-02
-2.046637413190832699e-02
-2.021261973864403247e-02
-1.905251574166028083e-02
-1.879846765118155932e-02
-1.994065611808530994e-02
-2.079443392042246500e-02
-1.925869118618751819e-02
-1.570771564544530194e-02
-1.306355962396562632e-02
-1.292246748215524800e-02
-1.303325007143683531e-02
-1.036424726561669882e-02
-5.388311579921123071e-03
-1.378463511359308323e-03
-3.039428826593702066e-04
-1.063326400279924512e-03
-1.165004375914297820e-03
1.163779576714453305e-03
6.090197912057759497e-03
1.209195922830139797e-02
1.684139562223143510e-02
1.909293720746607984e-02
1.955492292575859714e-02
1.958076828062810942e-02
1.985801845104650382e-02
2.089670801958643659e-02
2.358215786941444611e-02
2.801786689889434676e-02
3.250884974412927148e-02
3.508815742066363069e-02
3.595438798489245663e-02
3.738563325023453593e-02
4.114202062274648769e-02
4.670206132849302055e-02
5.215237675492989666e-02
5.608022456122389865e-02
5.844213755963993673e-02
6.033307770500200701e-02
6.314781306862045362e-02
6.743943424470283388e-02
7.255928156546727348e-02
7.758191510825662718e-02
8.202960698408512386e-02
8.545153196880843349e-02
8.715227379810806807e-02
8.697905118103944899e-02
8.619076785751934866e-02
8.717958763904970487e-02
9.176384871958641332e-02
9.924343567938014032e-02
1.065863359555798834e-01
1.112087189345491167e-01
1.132747613591521263e-01
1.149957682962471639e-01
1.183644166062735453e-01
1.237263879106110104e-01
1.295882906133448698e-01
1.336195785785598000e-01
1.346475775684946030e-01
1.339358904784968829e-01
1.342268856785504283e-01
1.375023144927179086e-01
1.434224279833510585e-01
1.496031683820660541e-01
1.537252087865386974e-01
1.558612686270609560e-01
1.581249692769728377e-01
1.614658338305144936e-01
1.641020012877617840e-01
1.643474734195792542e-01
1.634905824267691710e-01
1.639422300031138924e-01
1.657470581252061814e-01
1.670329820088501394e-01
1.672149568029086542e-01
1.679815065325612200e-01
1.710690866083816597e-01
1.758241619888286922e-01
1.795164058897099346e-01
1.803964989624596837e-01
1.795513558582266800e-01
1.786198657729523298e-01
1.771915574797545134e-01
1.744123007396387592e-01
1.713348238479945607e-01
1.692261365878568458e-01
1.673438898800417851e-01
1.647061951972794980e-01
1.622269795314216223e-01
1.609842878777411890e-01
1.601337407447627204e-01
1.585484219207326240e-01
1.568719394813446188e-01
1.559758692801300750e-01
1.547617249956918795e-01
1.514603333477691216e-01
1.462173094152743047e-01
1.407961287525084926e-01
1.363561904831408489e-01
1.326147229291217700e-01
1.287166560203705790e-01
1.242958668093835373e-01
1.198120501761806150e-01
1.158537753384720620e-01
1.122068782874982157e-01
1.082023755082389682e-01
1.037259013053967033e-01
9.912166881427900145e-02
9.460160994481588148e-02
9.043422269043581430e-02
8.693752239491957245e-02
8.373017259505609322e-02
7.986511725320642741e-02
7.490175180828829993e-02
6.912455138219497641e-02
6.313800358165862214e-02
5.795154573266229903e-02
5.453878410102908775e-02
5.256537377785611836e-02
5.052435435592222274e-02
4.766121769136631714e-02
4.472060370164476772e-02
4.229742546429941796e-02
3.955770036924543404e-02
3.543472013368662021e-02
3.048827164831944408e-02
2.641586607308483298e-02
2.362168951447622331e-02
2.043895154118165886e-02
1.542830084474089945e-02
9.545369421454128270e-03
5.085753438719928590e-03
2.925257989957428216e-03
1.636808310269397861e-03
-6.580242443716769743e-04
-4.151200173314803336e-03
-7.568249784278642013e-03
-1.026544752268370234e-02
-1.293450906794672492e-02
-1.595254164339103900e-02
-1.844285906395423669e-02
-1.963791302945471287e-02
-1.991751277758851968e-02
-2.001590134442132046e-02
-2.041016048506713934e-02
-2.177996429315124521e-02
-2.470777308432381067e-02
-2.834439073279272289e-02
-3.040085862820544188e-02
-2.942255320695154677e-02
-2.674902746402924719e-02
-2.524917452939718851e-02
-2.619200132714838772e-02
-2.856231406589701538e-02
-3.134879575748766162e-02
-3.444794750355650859e-02
-3.689203698256900837e-02
-3.686072885951117289e-02
-3.457723301734694915e-02
-3.279860268678148200e-02
-3.323433187410428785e-02
-3.460384198497396674e-02
-3.519857884418715888e-02
-3.523305889716080164e-02
-3.580330140869084077e-02
-3.726250664884630387e-02
-3.930763783178216342e-02
-4.138166882061757035e-02
-4.261460972677903747e-02
-4.240391134514963356e-02
-4.136639656546740873e-02
-4.100655873835234305e-02
-4.224337644774423667e-02
-4.478655936690416339e-02
-4.799432034286784526e-02
-5.155028873625530639e-02
-5.492921644878661497e-02
-5.694045497317768573e-02
-5.670978518096730231e-02
-5.509392184663686881e-02
-5.442299993000150604e-02
-5.627705170523163852e-02
-5.970496811312924618e-02
-6.228022276810452063e-02
-6.282550101640832496e-02
-6.234348514809193859e-02
-6.253738404905616333e-02
-6.444142309018165149e-02
-6.822394951477753211e-02
-7.312399384026535554e-02
-7.770972340687419544e-02
-8.101575547078490591e-02
-8.327822259239620051e-02
-8.532341251477496002e-02
-8.769313785909473025e-02
-9.064714444179411412e-02
-9.461963422468090690e-02
-9.992145633950387518e-02
-1.055320717055746038e-01
-1.093256411454329169e-01
-1.108354797853554619e-01
-1.124506969858141553e-01
-1.161491672676412540e-01
-1.209132297828497127e-01
-1.250775625861997586e-01
-1.288087801074353500e-01
-1.326503396721309125e-01
-1.361199904541985084e-01
-1.388704648673004804e-01
-1.412726437538143753e-01
-1.436445424575208962e-01
-1.460855187460604887e-01
-1.484422626735026063e-01
-1.501493483626338554e-01
-1.513096873173891410e-01
-1.532978412407262903e-01
-1.568010028749599327e-01
-1.605508114298687117e-01
-1.634143005310819408e-01
-1.660119055440750502e-01
-1.688928402598251777e-01
-1.708814934684268760e-01
-1.710056686506862822e-01
-1.707921214060769688e-01
-1.724821139173285667e-01
-1.755532175794197181e-01
-1.773941998286078792e-01
-1.772525790318115468e-01
-1.770084579071804221e-01
-1.781710289607653652e-01
-1.805208416339470212e-01
-1.833828622490881188e-01
-1.861386819514926627e-01
-1.879786949998732137e-01
-1.887904741005474174e-01
-1.896869554778621569e-01
-1.914926940613191630e-01
-1.933340287471646268e-01
-1.936932204404079594e-01
-1.924121425608020242e-01
-1.907930485571129042e-01
-1.898415870612575884e-01
-1.894363730145136593e-01
-1.893987797710670884e-01
-1.900426521742538122e-01
-1.911762940522177545e-01
-1.918534129800774923e-01
-1.916057968585947180e-01
-1.909470927460794887e-01
-1.905608515393875102e-01
-1.907668213958646497e-01
-1.914898745680606584e-01
-1.920670777035726196e-01
-1.915180988703670262e-01
-1.895716793211998374e-01
-1.870813325309151898e-01
-1.851471014161466810e-01
-1.840888516131259645e-01
-1.833873851861902715e-01
-1.825383946484482600e-01
-1.818246223082281010e-01
-1.819736736445494441e-01
-1.830531577561731738e-01
-1.842370805972469161e-01
-1.848238288922277039e-01
-1.849779905600800467e-01
-1.854422964863665368e-01
-1.868637616344682173e-01
-1.890335672849280391e-01
-1.904613762928613341e-01
-1.895316190211520924e-01
-1.865746167268655664e-01
-1.839227952080893513e-01
-1.834216302813923838e-01
-1.846639401286940541e-01
-1.859967380877604326e-01
-1.863583674678835067e-01
-1.855790125396819534e-01
-1.837796178160565619e-01
-1.815564767514569189e-01
-1.803889128452267621e-01
-1.815973594037050554e-01
-1.848602473468165530e-01
-1.886072657781883155e-01
-1.915704650836992373e-01
-1.930632105457421865e-01
-1.924860661496731185e-01
-1.900479974635563563e-01
-1.878540205323492585e-01
-1.888337944396752954e-01
-1.936828822984601461e-01
-1.993638675171074404e-01
-2.017414933164952684e-01
-1.995714233385424696e-01
-1.949120051408340937e-01
-1.902448920761077300e-01
-1.867861962001382548e-01
-1.850891843254618419e-01
-1.853783586027859254e-01
-1.870183638481422161e-01
-1.886871807902336939e-01
-1.895781406599172103e-01
-1.903899785000343070e-01
-1.926829607622244922e-01
-1.967969244933004125e-01
-2.009461906295503808e-01
-2.030063884795862972e-01
-2.025643154324318906e-01
-2.009172614539293800e-01
-1.998772502479245483e-01
-2.006739626814986743e-01
-2.032352373490672603e-01
-2.064550105411009640e-01
-2.093286028264904342e-01
-2.114396690340649976e-01
-2.124183856314190988e-01
-2.119180136872010622e-01
-2.105562571827922502e-01
-2.100663702291292179e-01
-2.117539544232225623e-01
-2.150475924646844672e-01
-2.180324666246200582e-01
-2.192450543138217967e-01
-2.188909435823880312e-01
-2.187589560542248790e-01
-2.207007939268470220e-01
-2.245134830553644767e-01
-2.277514067352497396e-01
-2.282974779660325026e-01
-2.265625497809736488e-01
-2.249205473945593003e-01
-2.257461008945900738e-01
-2.296746242044772623e-01
-2.349188229258298011e-01
-2.387163572780828524e-01
-2.400063635530073347e-01
-2.400702720668665135e-01
-2.404500519348411192e-01
-2.411062889907551465e-01
-2.408749436949515765e-01
-2.392791398803664760e-01
-2.375373098107686209e-01
-2.375130504208569915e-01
-2.396970416467736065e-01
-2.426732517388836274e-01
-2.445538831120193379e-01
-2.445437211884001760e-01
-2.432524226457322136e-01
-2.419466742001144810e-01
-2.416392025863316195e-01
-2.428557258182066636e-01
-2.456445864572341653e-01
-2.489826902569602096e-01
-2.508665816691760253e-01
-2.504100880887932812e-01
-2.494045863054835388e-01
-2.503459739868840739e-01
-2.533228008431443468e-01
-2.561345698648971325e-01
-2.570002424044185441e-01
-2.558225459442906580e-01
-2.531593583433161543e-01
-2.496033605802072397e-01
-2.465049724468958980e-01
-2.456713716431898342e-01
-2.472582764321778204e-01
-2.490739713512039044e-01
-2.490754692069974685e-01
-2.475638683837883547e-01
-2.459345830867586402e-01
-2.446315953949565192e-01
-2.437009570316039930e-01
-2.439718927119122471e-01
-2.459176367574862632e-01
-2.480725519591746586e-01
-2.482406642447122502e-01
-2.460949711355568392e-01
-2.432337141331732677e-01
-2.407715916451949878e-01
-2.384295619481956174e-01
-2.362045412214236473e-01
-2.350575654899247635e-01
-2.351792148761401302e-01
-2.352541076658188068e-01
-2.343342186205143174e-01
-2.331061824578337660e-01
-2.326955643823443998e-01
-2.333490994238857363e-01
-2.344823301257494830e-01
-2.350351563924640286e-01
-2.338669169826406713e-01
-2.307968412608000230e-01
-2.272864840448129697e-01
-2.251513346656554559e-01
-2.244100428964435623e-01
-2.234374352011495313e-01
-2.216741946046199840e-01
-2.207276672219670166e-01
-2.218138476300796913e-01
-2.236976509331312091e-01
-2.244151825976960224e-01
-2.235598482001223963e-01
-2.217500565951062985e-01
-2.192390922603689452e-01
-2.161720416198368855e-01
-2.133868521959897124e-01
-2.120061228515289498e-01
-2.124114250074372046e-01
-2.142314960149582226e-01
-2.171063511983697125e-01
-2.204921514257185966e-01
-2.230071981517365021e-01
-2.234040124581478104e-01
-2.219401668020044294e-01
-2.195794285924460854e-01
-2.169026134407222306e-01
-2.147437626963605017e-01
-2.137731815118460166e-01
-2.126772209864929708e-01
-2.094397378524293363e-01
-2.047944171210134279e-01
-2.017422569292527668e-01
-2.018330093685104798e-01
-2.040254590742025809e-01
-2.065080522580263478e-01
-2.080936941489923142e-01
-2.085877809728216292e-01
-2.087662020305856014e-01
-2.097167824347976328e-01
-2.118189496167750818e-01
-2.141374541668989162e-01
-2.151873923387513932e-01
-2.149249738776615182e-01
-2.150097348937449193e-01
-2.161078394087632970e-01
-2.166920912774214780e-01
-2.156571610332261857e-01
-2.138056644237615600e-01
-2.118853839266783001e-01
-2.097904710658971827e-01
-2.080887600357899658e-01
-2.077267782190095891e-01
-2.081388941502925194e-01
-2.077164400770617758e-01
-2.059839495788826913e-01
-2.039842533550185744e-01
-2.027891993895180878e-01
-2.022552872234125720e-01
-2.011571827083942221e-01
-1.985817224653688429e-01
-1.952337504392380463e-01
-1.930009467362838183e-01
-1.930746647371048008e-01
-1.947810455529214169e-01
-1.963059214902225791e-01
-1.963783472233001093e-01
-1.952599188610434355e-01
-1.941070691852560259e-01
-1.934720370682235513e-01
-1.927394974760015534e-01
-1.909843335528687291e-01
-1.878810700457979321e-01
-1.838116308124290166e-01
-1.796918518765074635e-01
-1.764422684172094746e-01
-1.741094020733001957e-01
-1.720596304743763905e-01
-1.702508374398893354e-01
-1.691434814626165406e-01
-1.682207435543321139e-01
-1.660784867025854872e-01
-1.621339275247906386e-01
-1.572777028236951868e-01
-1.530967761277300943e-01
-1.508499336979262639e-01
-1.504712111399235941e-01
-1.503454793624277031e-01
-1.486533428615107733e-01
-1.447689916126732868e-01
-1.391833992492716721e-01
-1.330228945886306469e-01
-1.280390878175884373e-01
-1.258284876240448324e-01
-1.261053559880844777e-01
-1.260869118030185088e-01
-1.226639588780446960e-01
-1.156717330758699064e-01
-1.080434178466907202e-01
-1.022316786281808748e-01
-9.792361040809063888e-02
-9.407136026478996049e-02
-9.116933808904401082e-02
-8.996976118644137155e-02
-8.922729462837176995e-02
-8.638072248670951303e-02
-8.052064070670510165e-02
-7.386328846841914986e-02
-6.952056397702660595e-02
-6.781635652059675445e-02
-6.584188888745184931e-02
-6.112804859591027679e-02
-5.449736406469423561e-02
-4.855381353634988240e-02
-4.458561173279371181e-02
-4.197434979932977706e-02
-3.991001081857043636e-02
-3.832304729013955025e-02
-3.689432782084153817e-02
-3.421087511207162452e-02
-2.887474916260367522e-02
-2.116149669901241231e-02
-1.306796508218202070e-02
-6.892158796669376961e-03
-3.815386778339810610e-03
-3.237743097006230263e-03
-3.350287869574375150e-03
-3.007249523124496445e-03
-3.052008978603059416e-03
-4.909232683748997010e-03
-7.876338162211796168e-03
-9.340888691669815488e-03
-8.266426802412763300e-03
-6.872892259403014063e-03
-7.738124253102794670e-03
-1.057847001381921614e-02
-1.345911103235492186e-02
-1.602813930638435913e-02
-1.965747326393550362e-02
-2.477831915522899983e-02
-2.966679181046842986e-02
-3.207463905322073539e-02
-3.143584761184360643e-02
-2.960717127593989750e-02
-2.974291812844771787e-02
-3.389832253647918903e-02
-4.136410572719488588e-02
-4.954380810673793961e-02
-5.594999048724654672e-02
-5.914800071569127626e-02
-5.927722749003883768e-02
-5.828429594750651060e-02
-5.807465487584904246e-02
-5.840247970659164650e-02
-5.825739328266506950e-02
-5.828887762405156325e-02
-5.962725583019205799e-02
-6.195927045217949902e-02
-6.508461998977517482e-02
-6.997039063064187936e-02
-7.580668293627776388e-02
-7.875628406076075338e-02
-7.667461694435026565e-02
-7.306266986189315082e-02
-7.316070599206864200e-02
-7.731217485742680751e-02
-8.126146256037392046e-02
-8.217433224225363653e-02
-8.128766035190074235e-02
-8.108876859829128314e-02
-8.253828183037066613e-02
-8.479863433203810308e-02
-8.617977485259906145e-02
-8.579227074788504936e-02
-8.444613893528370163e-02
-8.339247080880803076e-02
-8.325437437858479450e-02
-8.447574361449786129e-02
-8.693375434147417036e-02
-8.946295727322740865e-02
-9.164624362582939054e-02
-9.445528126348796960e-02
-9.767220559254174983e-02
-9.940037874166879339e-02
-9.887442577007422850e-02
-9.697984377925326915e-02
-9.455519705583578793e-02
-9.233919283354671825e-02
-9.105185920327350801e-02
-9.052708102053665107e-02
-9.059474885874047034e-02
-9.191932329580293493e-02
-9.400845032145985214e-02
-9.439319367235825264e-02
-9.142215265122215218e-02
-8.621554717331618434e-02
-8.148731571826771380e-02
-7.968930137155011417e-02
-8.160132897690799969e-02
-8.574633650354877845e-02
-8.961620847971503434e-02
-9.158350990082793353e-02
-9.167813914331608693e-02
-9.124575810423772582e-02
-9.151719306981048740e-02
-9.206435098028661890e-02
-9.177875980897852448e-02
-9.131841879508678650e-02
-9.250372201306832076e-02
-9.537114665695484161e-02
-9.814981600264174877e-02
-1.001404957220229791e-01
-1.024813799998860880e-01
-1.060523856906521734e-01
-1.103409524157045185e-01
-1.140095830605458993e-01
-1.153033780295364824e-01
-1.129875754937853805e-01
-1.083008728248567865e-01
-1.047555362706315552e-01
-1.050042978112506048e-01
-1.090486259327860669e-01
-1.150544402705887814e-01
-1.201680612104073925e-01
-1.219473376748445997e-01
-1.208526987869564667e-01
-1.199469659473872962e-01
-1.214499320724922726e-01
-1.251571251615878344e-01
-1.297356004070003288e-01
-1.338431615388017693e-01
-1.365564832542788265e-01
-1.378171198077606796e-01
-1.384429298322601698e-01
-1.398929129798826554e-01
-1.435062404392475621e-01
-1.488360812683267864e-01
-1.536260772475691039e-01
-1.563727335968835286e-01
-1.574665501325712980e-01
-1.577309951044406910e-01
-1.578670356541629349e-01
-1.587877176819464109e-01
-1.605610614626521992e-01
-1.619229941853896904e-01
-1.620008533169340903e-01
-1.614621245165119845e-01
-1.616329388164222947e-01
-1.632848094292413954e-01
-1.659074374449036327e-01
-1.678582330825657831e-01
-1.680510746735580652e-01
-1.673229405395524616e-01
-1.672030533366236638e-01
-1.677009288545190657e-01
-1.672366816676754686e-01
-1.647946774388853730e-01
-1.615635381646533808e-01
-1.597902824931119181e-01
-1.600577525462898998e-01
-1.607659152697145100e-01
-1.606282006458700506e-01
-1.604271061631523665e-01
-1.617277442772390994e-01
-1.647557331882524567e-01
-1.678216090399268223e-01
-1.685661902179402816e-01
-1.664205558482277636e-01
-1.638433334219158155e-01
-1.637541669476160200e-01
-1.660019785782274326e-01
-1.680990941681167472e-01
-1.688228522136273890e-01
-1.690625385103206868e-01
-1.697973102013723146e-01
-1.711178022471542548e-01
-1.728299395283736106e-01
-1.747763590775407994e-01
-1.767625452295413235e-01
-1.786466715995286836e-01
-1.807029339068913221e-01
-1.838640851349255534e-01
-1.886740818944702691e-01
-1.936430863259054058e-01
-1.962647745104814656e-01
-1.963823415054163080e-01
-1.966080771844243291e-01
-1.986393164891178398e-01
-2.011977129239850282e-01
-2.025044599401318313e-01
-2.030906502104052047e-01
-2.050783929576421860e-01
-2.095449989340797126e-01
-2.153962110582084422e-01
-2.204208417420558952e-01
-2.227709774821734490e-01
-2.218559050711855218e-01
-2.188676827630054722e-01
-2.162926043263588560e-01
-2.159048946335947461e-01
-2.173655683598223476e-01
-2.194505248850344148e-01
-2.219481553662368267e-01
-2.252962448712533816e-01
-2.290440562851040751e-01
-2.320839399333017028e-01
-2.341205245272977575e-01
-2.356172349017354450e-01
-2.364528622162210547e-01
-2.360595722763828563e-01
-2.350858191619525639e-01
-2.354595488673099923e-01
-2.379988549832394995e-01
-2.410110429841167135e-01
-2.422851896094621871e-01
-2.418668472972334282e-01
-2.417547430704869160e-01
-2.429531158145104008e-01
-2.440573292315888487e-01
-2.434378924366424057e-01
-2.418218528839833070e-01
-2.413985470888307394e-01
-2.428611592166735333e-01
-2.450403338082735583e-01
-2.473783985928781626e-01
-2.506748854973200324e-01
-2.549425997201480998e-01
-2.586105548613962801e-01
-2.607163051493897599e-01
-2.622688179945684150e-01
-2.646372217014232864e-01
-2.677074736415925860e-01
-2.702373814466604296e-01
-2.715104707620339952e-01
-2.722251241938974387e-01
-2.735474371624088130e-01
-2.755073667834396223e-01
-2.771509257650904279e-01
-2.782063267051312350e-01
-2.794350383714049313e-01
-2.811161612267809029e-01
-2.823124487205819766e-01
-2.821511502104190328e-01
-2.812103205537259676e-01
-2.810064065777497788e-01
-2.823246077852591962e-01
-2.848667627641686684e-01
-2.882688044474753242e-01
-2.921028159937600899e-01
-2.951673114685266497e-01
-2.964995807726070742e-01
-2.968576857861570106e-01
-2.977547839276220576e-01
-2.994583452501801690e-01
-3.009673321681808900e-01
-3.014861189277434628e-01
-3.014239432274494201e-01
-3.019600874923845657e-01
-3.033807890277287478e-01
-3.044108438981645293e-01
-3.040005195198896004e-01
-3.027766538576538990e-01
-3.018817290755756444e-01
-3.015784573319590933e-01
-3.016455671454554843e-01
-3.021191539037178520e-01
-3.031081205338553852e-01
-3.042754494823140532e-01
-3.048053967360248029e-01
-3.042765655317288265e-01
-3.034756825977098504e-01
-3.034653444557620650e-01
-3.040964703998426666e-01
-3.045863573535056990e-01
-3.050486661387340481e-01
-3.062389915790822981e-01
-3.082405968348401748e-01
-3.102024061180432835e-01
-3.111476118632313659e-01
-3.108846647471555369e-01
-3.104118709713721280e-01
-3.112937849668512835e-01
-3.141585075963650997e-01
-3.176055143232004441e-01
-3.191081573813695504e-01
-3.176871621488109310e-01
-3.152408699406902270e-01
-3.142346339143444189e-01
-3.146396423730382086e-01
-3.144453322959738228e-01
-3.127284371198807422e-01
-3.108933288149811069e-01
-3.109944487659080381e-01
-3.135843295421617549e-01
-3.172469687638288516e-01
-3.198821376505470715e-01
-3.201889043910153276e-01
-3.180387470842006015e-01
-3.142796576973159173e-01
-3.107729129570663273e-01
-3.096836193584807662e-01
-3.115641626224521232e-01
-3.145604028645860306e-01
-3.164101960302069805e-01
-3.167498274889695153e-01
-3.166209237815578170e-01
-3.164023249448603137e-01
-3.153895982100756723e-01
-3.131118882030356487e-01
-3.100924165112406428e-01
-3.073517222153790973e-01
-3.056483664808710699e-01
-3.050015277358186228e-01
-3.045292038755783026e-01
-3.028916069473803763e-01
-2.993986072367658680e-01
-2.948873592837355506e-01
-2.911778166169246007e-01
-2.894581313172944759e-01
-2.894367501600842441e-01
-2.898925976065952481e-01
-2.895174581546085535e-01
-2.875761783066938526e-01
-2.844169654802748415e-01
-2.811040609015465486e-01
-2.784356748598766917e-01
-2.767514975534707267e-01
-2.762471606968579518e-01
-2.766864142507538538e-01
-2.771656399955331751e-01
-2.766512880639084848e-01
-2.745369030778108677e-01
-2.709458672370209098e-01
-2.668683513302553267e-01
-2.634319470728607726e-01
-2.608196278294249160e-01
-2.585581886480641245e-01
-2.566665729991088329e-01
-2.556740820023981620e-01
-2.556698527625104189e-01
-2.559474259998646972e-01
-2.556594265113982800e-01
-2.547252050420297786e-01
-2.539036164543937435e-01
-2.536683649856383282e-01
-2.534621308016681840e-01
-2.526659176533585516e-01
-2.517541933906151108e-01
-2.517345156772485826e-01
-2.528290958256937948e-01
-2.544203473334553101e-01
-2.560786792849917837e-01
-2.578905267705088877e-01
-2.597753580138108531e-01
-2.612660182256313912e-01
-2.622381266356608731e-01
-2.631319059986029218e-01
-2.641886873155515070e-01
-2.652664679833315886e-01
-2.665528030430757145e-01
-2.685559061546272108e-01
-2.710980905032580601e-01
-2.730394290906156818e-01
-2.735187723142807892e-01
-2.732535930993753026e-01
-2.739965295729879791e-01
-2.763540664829091109e-01
-2.788522843585403699e-01
-2.799349404000798791e-01
-2.800809666550926336e-01
-2.809036712921434975e-01
-2.830122117036739660e-01
-2.859095640937105443e-01
-2.891721583396076323e-01
-2.925191024254878980e-01
-2.951677813840697384e-01
-2.961048517164182048e-01
-2.951269574712644950e-01
-2.933345527413424025e-01
-2.923544557670805233e-01
-2.928221098416114998e-01
-2.938206803706607806e-01
-2.941650697242970125e-01
-2.937604724417033908e-01
-2.933310283747693203e-01
-2.936154447572197346e-01
-2.952580051683414974e-01
-2.984207423613336463e-01
-3.020050525359131988e-01
-3.042157702083426174e-01
-3.042269013327693616e-01
-3.026510101893223337e-01
-3.005588287126353952e-01
-2.987187569248119789e-01
-2.974856985397646980e-01
-2.968767173656518543e-01
-2.969254417335251972e-01
-2.978420413700281211e-01
-2.993986072367658680e-01
-3.008156375569297492e-01
-3.019057241379942691e-01
-3.033465145628052029e-01
-3.051905218933019248e-01
-3.064007893745097078e-01
-3.064461655941385643e-01
-3.060735519381959646e-01
-3.060843599956868388e-01
-3.063975880748724401e-01
-3.064541835280923943e-01
-3.059513151575517509e-01
-3.052477047409507538e-01
-3.049513348818732039e-01
-3.047411945249511867e-01
-3.032807263867737246e-01
-3.000205991974778108e-01
-2.963438918792397070e-01
-2.942078614084389088e-01
-2.941581384700365787e-01
-2.950839895687939474e-01
-2.954936090737542154e-01
-2.948411313421848701e-01
-2.937744524291101000e-01
-2.931004760614446814e-01
-2.927400508399007895e-01
-2.921115975404714460e-01
-2.912750597646211470e-01
-2.909325794428786471e-01
-2.911952328617400387e-01
-2.910803091417350497e-01
-2.897376135865424862e-01
-2.875971776575252936e-01
-2.856459414740415426e-01
-2.841049415596683669e-01
-2.826872651056327457e-01
-2.817947780104342326e-01
-2.822799364389450005e-01
-2.837812578596491386e-01
-2.844305342915813273e-01
-2.830472791510764696e-01
-2.808374132005689305e-01
-2.798243046594054984e-01
-2.800787051865415433e-01
-2.797718797066304219e-01
-2.779051402117370673e-01
-2.757007663991393187e-01
-2.748841119247056319e-01
-2.756004394306912908e-01
-2.768271833256283343e-01
-2.781321387887671359e-01
-2.798509723664754367e-01
-2.817815322660636168e-01
-2.829380237873099224e-01
-2.828838660209697098e-01
-2.824646426170976388e-01
-2.827280302789951238e-01
-2.834195403703617666e-01
-2.831559177506927649e-01
-2.812304681826355846e-01
-2.785420226212204642e-01
-2.763485743449993204e-01
-2.749415884695688428e-01
-2.741097498491493201e-01
-2.740019336017334717e-01
-2.748446683888081665e-01
-2.763449912389833174e-01
-2.777873676287521687e-01
-2.785318313278798419e-01
-2.783718544551818663e-01
-2.774413923101580193e-01
-2.758917576976807062e-01
-2.740363255455427471e-01
-2.726415574742324099e-01
-2.724117981433867297e-01
-2.734527491804777943e-01
-2.756004100609698582e-01
-2.784060995503839786e-01
-2.805819553634609775e-01
-2.807644000730625811e-01
-2.790113801395950333e-01
-2.764143918907522313e-01
-2.735981880410616740e-01
-2.707161960153395830e-01
-2.682928415596655958e-01
-2.670365517249572163e-01
-2.672809078073598577e-01
-2.689136293617983564e-01
-2.711942469712612103e-01
-2.727451444817605708e-01
-2.725203780035601597e-01
-2.707346402004055519e-01
-2.685588137570499856e-01
-2.672838154097826879e-01
-2.677665361514137143e-01
-2.699088517426032063e-01
-2.725124188090491950e-01
-2.742121326980982987e-01
-2.745863323189988159e-01
-2.739060120915018381e-01
-2.722039486247372908e-01
-2.696574469270543450e-01
-2.675768664903372396e-01
-2.674212657061341702e-01
-2.686855441050749471e-01
-2.693770835661630225e-01
-2.687565307218017785e-01
-2.679932704009507782e-01
-2.682443227798423369e-01
-2.695693671324478902e-01
-2.713689674441234212e-01
-2.726538633875169038e-01
-2.725960050362749021e-01
-2.716733846068762337e-01
-2.713023862856129842e-01
-2.717226082600140979e-01
-2.713926981790490411e-01
-2.691139308620371096e-01
-2.657973256984070276e-01
-2.633703000275526840e-01
-2.625948512723030315e-01
-2.628652582976253038e-01
-2.635230225790543557e-01
-2.642142096034851284e-01
-2.644823551602563105e-01
-2.640839548888870847e-01
-2.633987005481877031e-01
-2.630867941064670146e-01
-2.635721287533064339e-01
-2.644929869994185334e-01
-2.645003294297791907e-01
-2.627372650515783503e-01
-2.604211688186127693e-01
-2.592072301222246855e-01
-2.583531879923945396e-01
-2.556320833007352245e-01
-2.508844678295346076e-01
-2.466707057849966411e-01
-2.450500845557924967e-01
-2.452401947626906276e-01
-2.453294493461547765e-01
-2.450899098980686974e-01
-2.455643190085314564e-01
-2.466312035096563104e-01
